round,arm_pulled,reward,cum_reward,regret
1,0,4,4,19.116040955631398
2,1,20,24,22.232081911262796
3,2,19,43,26.348122866894187
4,3,18,61,31.46416382252559
5,4,19,80,35.580204778157
6,5,20,100,38.69624573378837
7,6,11,111,50.81228668941978
8,7,19,130,54.92832764505118
9,8,18,148,60.04436860068259
10,9,18,166,65.160409556314
11,10,20,186,68.27645051194537
12,11,11,197,80.39249146757675
13,12,7,204,96.50853242320818
14,13,21,225,98.62457337883956
15,14,6,231,115.74061433447099
16,15,27,258,111.85665529010237
17,16,14,272,120.97269624573374
18,17,11,283,133.08873720136518
19,18,11,294,145.20477815699655
20,19,5,299,163.320819112628
21,20,16,315,170.43686006825936
22,21,17,332,176.55290102389074
23,22,5,337,194.66894197952217
24,23,12,349,205.7849829351535
25,0,5,354,223.90102389078493
26,1,10,364,237.01706484641636
27,2,31,395,229.1331058020478
28,3,16,411,236.2491467576791
29,4,17,428,242.36518771331055
30,5,15,443,250.48122866894198
31,6,17,460,256.5972696245733
32,7,20,480,259.71331058020473
33,8,14,494,268.82935153583617
34,9,14,508,277.9453924914675
35,10,33,541,268.0614334470989
36,11,9,550,282.17747440273035
37,12,10,560,295.2935153583617
38,13,27,587,291.4095563139931
39,14,8,595,306.52559726962454
40,15,22,617,307.641638225256
41,16,13,630,317.7576791808873
42,17,14,644,326.8737201365187
43,18,10,654,339.98976109215016
44,19,8,662,355.1058020477815
45,20,21,683,357.2218430034129
46,21,24,707,356.33788395904435
47,22,4,711,375.4539249146758
48,23,16,727,382.569965870307
49,0,12,739,393.6860068259384
50,1,15,754,401.80204778156985
51,2,19,773,405.9180887372013
52,3,21,794,408.0341296928327
53,4,16,810,415.15017064846415
54,5,26,836,412.2662116040956
55,6,14,850,421.3822525597268
56,7,19,869,425.4982935153582
57,8,11,880,437.61433447098966
58,9,25,905,435.7303754266211
59,10,18,923,440.8464163822525
60,11,9,932,454.96245733788396
61,12,6,938,472.07849829351517
62,13,19,957,476.1945392491466
63,14,11,968,488.31058020477803
64,15,20,988,491.42662116040947
65,16,14,1002,500.5426621160409
66,17,13,1015,510.65870307167233
67,18,15,1030,518.7747440273038
68,19,6,1036,535.890784982935
69,20,16,1052,543.0068259385664
70,21,20,1072,546.1228668941978
71,22,8,1080,561.2389078498293
72,23,15,1095,569.3549488054607
73,0,8,1103,584.4709897610921
74,1,15,1118,592.5870307167233
75,2,31,1149,584.7030716723548
76,3,20,1169,587.8191126279862
77,4,20,1189,590.9351535836176
78,5,23,1212,591.0511945392491
79,6,16,1228,598.1672354948805
80,7,18,1246,603.283276450512
81,8,11,1257,615.3993174061432
82,9,21,1278,617.5153583617746
83,10,23,1301,617.631399317406
84,11,13,1314,627.7474402730375
85,12,8,1322,642.8634812286689
86,13,20,1342,645.9795221843003
87,14,12,1354,657.0955631399315
88,15,22,1376,658.211604095563
89,16,15,1391,666.3276450511944
90,17,11,1402,678.4436860068258
91,18,7,1409,694.5597269624573
92,19,6,1415,711.6757679180887
93,20,24,1439,710.7918088737201
94,21,21,1460,712.9078498293516
95,22,7,1467,729.023890784983
96,23,10,1477,742.139931740614
97,0,10,1487,755.2559726962454
98,1,18,1505,760.3720136518768
99,2,20,1525,763.4880546075083
100,3,12,1537,774.6040955631397
101,4,13,1550,784.7201365187711
102,5,27,1577,780.8361774744026
103,6,16,1593,787.952218430034
104,7,9,1602,802.0682593856654
105,8,7,1609,818.1843003412969
106,9,27,1636,814.3003412969283
107,10,22,1658,815.4163822525597
108,11,11,1669,827.5324232081912
109,12,5,1674,845.6484641638222
110,13,19,1693,849.7645051194536
111,14,9,1702,863.880546075085
112,15,19,1721,867.9965870307165
113,16,14,1735,877.1126279863479
114,17,14,1749,886.2286689419793
115,18,14,1763,895.3447098976108
116,19,9,1772,909.4607508532422
117,20,23,1795,909.5767918088736
118,21,28,1823,904.692832764505
119,22,5,1828,922.8088737201365
120,23,12,1840,933.9249146757679
121,0,9,1849,948.0409556313994
122,1,15,1864,956.1569965870303
123,2,23,1887,956.2730375426618
124,3,18,1905,961.3890784982932
125,4,14,1919,970.5051194539246
126,5,16,1935,977.6211604095561
127,6,15,1950,985.7372013651875
128,7,19,1969,989.8532423208189
129,8,16,1985,996.9692832764504
130,9,16,2001,1004.0853242320818
131,10,18,2019,1009.2013651877132
132,11,10,2029,1022.3174061433447
133,12,7,2036,1038.433447098976
134,13,25,2061,1036.5494880546075
135,14,17,2078,1042.6655290102385
136,15,27,2105,1038.78156996587
137,16,12,2117,1049.8976109215014
138,17,19,2136,1054.0136518771328
139,18,12,2148,1065.1296928327642
140,19,8,2156,1080.2457337883957
141,20,29,2185,1074.3617747440271
142,21,24,2209,1073.4778156996585
143,22,6,2215,1090.59385665529
144,23,15,2230,1098.7098976109214
145,0,6,2236,1115.8259385665528
146,1,23,2259,1115.9419795221843
147,2,26,2285,1113.0580204778157
148,3,24,2309,1112.1740614334467
149,4,26,2335,1109.2901023890781
150,5,21,2356,1111.4061433447096
151,6,15,2371,1119.522184300341
152,7,20,2391,1122.6382252559724
153,8,11,2402,1134.7542662116039
154,9,16,2418,1141.8703071672353
155,10,21,2439,1143.9863481228667
156,11,12,2451,1155.1023890784982
157,12,3,2454,1175.2184300341296
158,13,23,2477,1175.334470989761
159,14,4,2481,1194.4505119453925
160,15,26,2507,1191.566552901024
161,16,13,2520,1201.6825938566549
162,17,16,2536,1208.7986348122863
163,18,7,2543,1224.9146757679177
164,19,10,2553,1238.0307167235492
165,20,22,2575,1239.1467576791806
166,21,22,2597,1240.262798634812
167,22,7,2604,1256.3788395904435
168,23,17,2621,1262.494880546075
169,0,5,2626,1280.6109215017063
170,1,21,2647,1282.7269624573378
171,2,27,2674,1278.8430034129692
172,3,22,2696,1279.9590443686006
173,4,21,2717,1282.0750853242316
174,5,24,2741,1281.191126279863
175,6,12,2753,1292.3071672354945
176,7,17,2770,1298.423208191126
177,8,13,2783,1308.5392491467574
178,9,20,2803,1311.6552901023888
179,10,19,2822,1315.7713310580202
180,11,11,2833,1327.8873720136517
181,12,2,2835,1349.003412969283
182,13,32,2867,1340.1194539249145
183,14,13,2880,1350.235494880546
184,15,20,2900,1353.3515358361774
185,16,15,2915,1361.4675767918088
186,17,15,2930,1369.5836177474403
187,18,15,2945,1377.6996587030717
188,19,12,2957,1388.8156996587031
189,20,17,2974,1394.9317406143346
190,21,33,3007,1385.047781569966
191,22,5,3012,1403.1638225255974
192,23,18,3030,1408.279863481228
193,0,3,3033,1428.3959044368594
194,1,18,3051,1433.5119453924908
195,2,20,3071,1436.6279863481222
196,3,22,3093,1437.7440273037537
197,4,8,3101,1452.8600682593851
198,5,18,3119,1457.9761092150165
199,6,18,3137,1463.092150170648
200,7,21,3158,1465.2081911262794
201,8,12,3170,1476.3242320819108
202,9,15,3185,1484.4402730375423
203,10,20,3205,1487.5563139931737
204,11,12,3217,1498.6723549488052
205,12,9,3226,1512.7883959044366
206,13,23,3249,1512.904436860068
207,14,13,3262,1523.0204778156995
208,15,19,3281,1527.1365187713309
209,16,9,3290,1541.2525597269623
210,17,14,3304,1550.3686006825938
211,18,12,3316,1561.4846416382252
212,19,7,3323,1577.6006825938566
213,20,22,3345,1578.716723549488
214,21,29,3374,1572.8327645051195
215,22,10,3384,1585.948805460751
216,23,13,3397,1596.0648464163824
217,0,9,3406,1610.1808873720138
218,1,15,3421,1618.2969283276443
219,2,25,3446,1616.4129692832757
220,3,18,3464,1621.5290102389072
221,4,16,3480,1628.6450511945386
222,5,22,3502,1629.76109215017
223,6,12,3514,1640.8771331058015
224,7,18,3532,1645.993174061433
225,8,19,3551,1650.1092150170643
226,9,11,3562,1662.2252559726958
227,10,18,3580,1667.3412969283272
228,11,9,3589,1681.4573378839586
229,12,7,3596,1697.57337883959
230,13,26,3622,1694.6894197952215
231,14,12,3634,1705.805460750853
232,15,15,3649,1713.9215017064844
233,16,22,3671,1715.0375426621158
234,17,9,3680,1729.1535836177472
235,18,12,3692,1740.2696245733787
236,19,6,3698,1757.38566552901
237,20,18,3716,1762.5017064846415
238,21,28,3744,1757.617747440273
239,22,9,3753,1771.7337883959044
240,23,16,3769,1778.8498293515358
241,0,10,3779,1791.9658703071673
242,1,17,3796,1798.0819112627987
243,2,21,3817,1800.1979522184301
244,3,22,3839,1801.3139931740607
245,4,18,3857,1806.430034129692
246,5,22,3879,1807.5460750853235
247,6,16,3895,1814.662116040955
248,7,27,3922,1810.7781569965864
249,8,14,3936,1819.8941979522178
250,9,20,3956,1823.0102389078493
251,10,21,3977,1825.1262798634807
252,11,10,3987,1838.2423208191121
253,12,6,3993,1855.3583617747436
254,13,26,4019,1852.474402730375
255,14,13,4032,1862.5904436860064
256,15,35,4067,1850.7064846416379
257,16,16,4083,1857.8225255972693
258,17,18,4101,1862.9385665529007
259,18,19,4120,1867.0546075085322
260,19,4,4124,1886.1706484641636
261,20,24,4148,1885.286689419795
262,21,25,4173,1883.4027303754265
263,22,14,4187,1892.518771331058
264,23,15,4202,1900.6348122866893
265,0,13,4215,1910.7508532423208
266,1,14,4229,1919.8668941979522
267,2,22,4251,1920.9829351535836
268,3,17,4268,1927.098976109215
269,4,14,4282,1936.2150170648456
270,5,16,4298,1943.331058020477
271,6,11,4309,1955.4470989761085
272,7,16,4325,1962.56313993174
273,8,18,4343,1967.6791808873713
274,9,14,4357,1976.7952218430028
275,10,19,4376,1980.9112627986342
276,11,10,4386,1994.0273037542656
277,12,5,4391,2012.143344709897
278,13,31,4422,2004.2593856655285
279,14,7,4429,2020.37542662116
280,15,24,4453,2019.4914675767914
281,16,18,4471,2024.6075085324228
282,17,12,4483,2035.7235494880542
283,18,10,4493,2048.8395904436857
284,19,8,4501,2063.955631399317
285,20,17,4518,2070.0716723549485
286,21,20,4538,2073.18771331058
287,22,15,4553,2081.3037542662114
288,23,6,4559,2098.419795221843
289,0,6,4565,2115.5358361774743
290,1,22,4587,2116.6518771331057
291,2,26,4613,2113.767918088737
292,3,23,4636,2113.8839590443686
293,4,17,4653,2120.0
294,5,19,4672,2124.1160409556314
295,6,21,4693,2126.232081911262
296,7,19,4712,2130.3481228668934
297,8,13,4725,2140.464163822525
298,9,29,4754,2134.5802047781563
299,10,23,4777,2134.6962457337877
300,11,9,4786,2148.812286689419
301,12,10,4796,2161.9283276450506
302,13,24,4820,2161.044368600682
303,14,8,4828,2176.1604095563134
304,15,17,4845,2182.276450511945
305,16,13,4858,2192.3924914675763
306,17,9,4867,2206.5085324232077
307,18,14,4881,2215.624573378839
308,19,10,4891,2228.7406143344706
309,20,19,4910,2232.856655290102
310,21,18,4928,2237.9726962457335
311,22,6,4934,2255.088737201365
312,23,11,4945,2267.2047781569963
313,0,3,4948,2287.3208191126278
314,1,19,4967,2291.436860068259
315,2,26,4993,2288.5529010238906
316,3,22,5015,2289.668941979522
317,4,18,5033,2294.7849829351535
318,5,19,5052,2298.901023890785
319,6,14,5066,2308.0170648464164
320,7,20,5086,2311.133105802048
321,8,13,5099,2321.2491467576783
322,9,22,5121,2322.3651877133098
323,10,21,5142,2324.481228668941
324,11,10,5152,2337.5972696245726
325,12,4,5156,2356.713310580204
326,13,22,5178,2357.8293515358355
327,14,9,5187,2371.945392491467
328,15,22,5209,2373.0614334470984
329,16,10,5219,2386.17747440273
330,17,15,5234,2394.293515358361
331,18,19,5253,2398.4095563139927
332,19,9,5262,2412.525597269624
333,20,21,5283,2414.6416382252555
334,21,28,5311,2409.757679180887
335,22,8,5319,2424.8737201365184
336,23,13,5332,2434.98976109215
337,0,9,5341,2449.1058020477813
338,1,18,5359,2454.2218430034127
339,2,22,5381,2455.337883959044
340,3,18,5399,2460.4539249146756
341,4,16,5415,2467.569965870307
342,5,15,5430,2475.6860068259384
343,6,17,5447,2481.80204778157
344,7,15,5462,2489.9180887372013
345,8,7,5469,2506.0341296928327
346,9,21,5490,2508.1501706484632
347,10,23,5513,2508.2662116040947
348,11,8,5521,2523.382252559726
349,12,5,5526,2541.4982935153575
350,13,25,5551,2539.614334470989
351,14,6,5557,2556.7303754266204
352,15,27,5584,2552.846416382252
353,16,9,5593,2566.9624573378833
354,17,5,5598,2585.0784982935147
355,18,9,5607,2599.194539249147
356,19,8,5615,2614.3105802047776
357,20,15,5630,2622.42662116041
358,21,16,5646,2629.5426621160404
359,22,14,5660,2638.658703071671
360,23,14,5674,2647.7747440273033
361,0,7,5681,2663.890784982934
362,1,17,5698,2670.006825938566
363,2,18,5716,2675.1228668941967
364,3,26,5742,2672.238907849829
365,4,14,5756,2681.3549488054596
366,5,23,5779,2681.470989761092
367,6,14,5793,2690.5870307167224
368,7,19,5812,2694.703071672355
369,8,16,5828,2701.8191126279853
370,9,19,5847,2705.9351535836176
371,10,21,5868,2708.051194539248
372,11,12,5880,2719.1672354948805
373,12,5,5885,2737.283276450511
374,13,20,5905,2740.3993174061434
375,14,3,5908,2760.515358361774
376,15,23,5931,2760.6313993174062
377,16,11,5942,2772.747440273037
378,17,12,5954,2783.863481228669
379,18,13,5967,2793.9795221842996
380,19,4,5971,2813.095563139932
381,20,14,5985,2822.2116040955625
382,21,21,6006,2824.327645051195
383,22,7,6013,2840.4436860068254
384,23,17,6030,2846.559726962456
385,0,5,6035,2864.6757679180882
386,1,14,6049,2873.7918088737188
387,2,18,6067,2878.907849829351
388,3,21,6088,2881.0238907849816
389,4,20,6108,2884.139931740614
390,5,14,6122,2893.2559726962445
391,6,15,6137,2901.372013651877
392,7,17,6154,2907.4880546075074
393,8,12,6166,2918.6040955631397
394,9,17,6183,2924.7201365187702
395,10,14,6197,2933.8361774744026
396,11,8,6205,2948.952218430033
397,12,4,6209,2968.0682593856654
398,13,23,6232,2968.184300341296
399,14,6,6238,2985.3003412969283
400,15,22,6260,2986.416382252559
401,16,13,6273,2996.532423208191
402,17,13,6286,3006.6484641638217
403,18,15,6301,3014.764505119454
404,19,8,6309,3029.8805460750846
405,20,19,6328,3033.996587030717
406,21,26,6354,3031.1126279863474
407,22,6,6360,3048.22866894198
408,23,13,6373,3058.3447098976103
409,0,5,6378,3076.4607508532426
410,1,9,6387,3090.576791808873
411,2,26,6413,3087.6928327645037
412,3,17,6430,3093.808873720136
413,4,16,6446,3100.9249146757666
414,5,13,6459,3111.040955631399
415,6,11,6470,3123.1569965870294
416,7,18,6488,3128.2730375426618
417,8,9,6497,3142.3890784982923
418,9,25,6522,3140.5051194539246
419,10,21,6543,3142.621160409555
420,11,12,6555,3153.7372013651875
421,12,7,6562,3169.853242320818
422,13,22,6584,3170.9692832764504
423,14,5,6589,3189.085324232081
424,15,22,6611,3190.2013651877132
425,16,17,6628,3196.3174061433438
426,17,11,6639,3208.433447098976
427,18,15,6654,3216.5494880546066
428,19,5,6659,3234.665529010239
429,20,19,6678,3238.7815699658695
430,21,22,6700,3239.897610921502
431,22,8,6708,3255.0136518771324
432,23,12,6720,3266.1296928327647
433,13,25,6745,3264.2457337883952
434,13,29,6774,3258.3617747440276
435,13,25,6799,3256.477815699658
436,13,26,6825,3253.5938566552886
437,13,18,6843,3258.709897610921
438,13,29,6872,3252.8259385665515
439,13,18,6890,3257.941979522184
440,13,23,6913,3258.0580204778144
441,13,22,6935,3259.1740614334467
442,13,27,6962,3255.290102389077
443,13,25,6987,3253.4061433447096
444,13,18,7005,3258.52218430034
445,13,21,7026,3260.6382252559724
446,13,22,7048,3261.754266211603
447,13,20,7068,3264.8703071672353
448,13,15,7083,3272.986348122866
449,13,23,7106,3273.102389078498
450,13,31,7137,3265.2184300341287
451,13,24,7161,3264.334470989761
452,13,19,7180,3268.4505119453916
453,13,23,7203,3268.566552901024
454,13,26,7229,3265.6825938566544
455,13,17,7246,3271.7986348122868
456,13,29,7275,3265.9146757679173
457,13,22,7297,3267.0307167235496
458,13,21,7318,3269.14675767918
459,13,31,7349,3261.2627986348125
460,13,27,7376,3257.378839590443
461,13,23,7399,3257.4948805460735
462,13,31,7430,3249.610921501706
463,13,23,7453,3249.7269624573364
464,13,25,7478,3247.8430034129688
465,13,23,7501,3247.9590443685993
466,13,28,7529,3243.0750853242316
467,13,21,7550,3245.191126279862
468,13,24,7574,3244.3071672354945
469,13,30,7604,3237.423208191125
470,13,17,7621,3243.5392491467574
471,13,34,7655,3232.655290102388
472,13,18,7673,3237.77133105802
473,13,23,7696,3237.8873720136507
474,13,25,7721,3236.003412969283
475,13,26,7747,3233.1194539249136
476,13,16,7763,3240.235494880546
477,13,21,7784,3242.3515358361765
478,13,22,7806,3243.467576791809
479,13,22,7828,3244.5836177474393
480,13,23,7851,3244.6996587030717
481,13,17,7868,3250.815699658702
482,13,20,7888,3253.9317406143346
483,13,24,7912,3253.047781569965
484,13,24,7936,3252.1638225255974
485,13,22,7958,3253.279863481228
486,13,16,7974,3260.3959044368603
487,13,28,8002,3255.511945392491
488,13,25,8027,3253.6279863481213
489,13,24,8051,3252.7440273037537
490,13,28,8079,3247.860068259384
491,13,21,8100,3249.9761092150165
492,13,19,8119,3254.092150170647
493,13,21,8140,3256.2081911262794
494,13,23,8163,3256.32423208191
495,13,24,8187,3255.4402730375423
496,13,17,8204,3261.556313993173
497,13,21,8225,3263.672354948805
498,13,23,8248,3263.7883959044357
499,13,23,8271,3263.904436860068
500,13,31,8302,3256.0204778156985
501,13,36,8338,3243.136518771331
502,13,29,8367,3237.2525597269614
503,13,26,8393,3234.3686006825938
504,13,26,8419,3231.4846416382243
505,13,19,8438,3235.6006825938566
506,13,23,8461,3235.716723549487
507,13,27,8488,3231.8327645051195
508,13,23,8511,3231.94880546075
509,13,27,8538,3228.0648464163824
510,13,24,8562,3227.180887372013
511,13,25,8587,3225.296928327645
512,13,32,8619,3216.4129692832757
513,13,27,8646,3212.5290102389063
514,13,23,8669,3212.6450511945386
515,13,29,8698,3206.761092150169
516,13,13,8711,3216.8771331058015
517,13,23,8734,3216.993174061432
518,13,17,8751,3223.1092150170643
519,13,24,8775,3222.225255972695
520,13,23,8798,3222.341296928327
521,13,23,8821,3222.4573378839577
522,13,20,8841,3225.57337883959
523,13,15,8856,3233.6894197952206
524,13,26,8882,3230.805460750853
525,13,31,8913,3222.9215017064835
526,13,24,8937,3222.037542662116
527,13,21,8958,3224.1535836177463
528,13,19,8977,3228.2696245733787
529,13,15,8992,3236.385665529009
530,13,26,9018,3233.5017064846415
531,13,23,9041,3233.617747440272
532,13,26,9067,3230.7337883959044
533,13,25,9092,3228.849829351535
534,13,25,9117,3226.9658703071673
535,13,19,9136,3231.081911262798
536,13,19,9155,3235.19795221843
537,13,18,9173,3240.3139931740607
538,13,23,9196,3240.430034129691
539,13,19,9215,3244.5460750853235
540,13,21,9236,3246.662116040954
541,13,27,9263,3242.7781569965864
542,13,24,9287,3241.894197952217
543,13,18,9305,3247.0102389078493
544,13,24,9329,3246.12627986348
545,13,28,9357,3241.242320819112
546,13,26,9383,3238.3583617747427
547,13,23,9406,3238.474402730375
548,13,25,9431,3236.5904436860055
549,13,20,9451,3239.706484641638
550,13,17,9468,3245.8225255972684
551,13,25,9493,3243.9385665529007
552,13,24,9517,3243.0546075085313
553,13,23,9540,3243.1706484641636
554,13,25,9565,3241.286689419794
555,13,24,9589,3240.4027303754265
556,13,32,9621,3231.518771331057
557,13,21,9642,3233.6348122866893
558,13,27,9669,3229.75085324232
559,13,28,9697,3224.866894197952
560,13,22,9719,3225.9829351535827
561,13,25,9744,3224.098976109215
562,13,19,9763,3228.2150170648456
563,13,22,9785,3229.331058020478
564,13,22,9807,3230.4470989761085
565,13,20,9827,3233.563139931739
566,13,26,9853,3230.6791808873713
567,13,23,9876,3230.795221843002
568,13,18,9894,3235.911262798634
569,13,23,9917,3236.0273037542647
570,13,20,9937,3239.143344709897
571,13,30,9967,3232.2593856655276
572,13,24,9991,3231.37542662116
573,13,20,10011,3234.4914675767905
574,13,27,10038,3230.607508532423
575,13,23,10061,3230.7235494880533
576,13,27,10088,3226.8395904436857
577,13,18,10106,3231.955631399316
578,13,25,10131,3230.0716723549485
579,13,21,10152,3232.187713310579
580,13,24,10176,3231.3037542662114
581,13,21,10197,3233.419795221842
582,13,26,10223,3230.5358361774743
583,13,14,10237,3239.651877133105
584,13,23,10260,3239.767918088737
585,13,15,10275,3247.8839590443677
586,13,26,10301,3245.0
587,13,21,10322,3247.1160409556305
588,13,20,10342,3250.232081911263
589,13,30,10372,3243.3481228668934
590,13,21,10393,3245.464163822524
591,13,23,10416,3245.5802047781563
592,13,24,10440,3244.696245733787
593,13,19,10459,3248.812286689419
594,13,28,10487,3243.9283276450496
595,13,27,10514,3240.044368600682
596,13,20,10534,3243.1604095563125
597,13,20,10554,3246.276450511945
598,13,21,10575,3248.3924914675754
599,13,24,10599,3247.5085324232077
600,13,17,10616,3253.6245733788382
601,13,20,10636,3256.7406143344706
602,13,14,10650,3265.856655290101
603,13,18,10668,3270.9726962457335
604,13,22,10690,3272.088737201364
605,13,17,10707,3278.2047781569963
606,13,26,10733,3275.320819112627
607,13,30,10763,3268.436860068259
608,13,22,10785,3269.5529010238897
609,13,20,10805,3272.668941979522
610,13,26,10831,3269.7849829351526
611,13,24,10855,3268.901023890785
612,13,18,10873,3274.0170648464155
613,13,28,10901,3269.133105802048
614,13,22,10923,3270.2491467576783
615,13,28,10951,3265.365187713309
616,13,22,10973,3266.481228668941
617,13,20,10993,3269.5972696245717
618,13,27,11020,3265.713310580204
619,13,24,11044,3264.8293515358346
620,13,19,11063,3268.945392491467
621,13,27,11090,3265.0614334470974
622,13,22,11112,3266.17747440273
623,13,18,11130,3271.2935153583603
624,13,21,11151,3273.4095563139927
625,13,17,11168,3279.525597269623
626,13,28,11196,3274.6416382252555
627,13,22,11218,3275.757679180886
628,13,24,11242,3274.8737201365184
629,13,21,11263,3276.989761092149
630,13,18,11281,3282.1058020477813
631,13,25,11306,3280.221843003412
632,13,19,11325,3284.337883959044
633,13,22,11347,3285.4539249146746
634,13,32,11379,3276.569965870307
635,13,25,11404,3274.6860068259375
636,13,26,11430,3271.80204778157
637,13,23,11453,3271.9180887372004
638,13,24,11477,3271.0341296928327
639,13,25,11502,3269.1501706484632
640,13,23,11525,3269.2662116040956
641,13,23,11548,3269.382252559726
642,13,22,11570,3270.4982935153566
643,13,20,11590,3273.614334470989
644,13,25,11615,3271.7303754266195
645,13,21,11636,3273.846416382252
646,13,24,11660,3272.9624573378824
647,13,20,11680,3276.0784982935147
648,13,21,11701,3278.1945392491452
649,13,31,11732,3270.3105802047776
650,13,24,11756,3269.426621160408
651,13,25,11781,3267.5426621160404
652,13,23,11804,3267.658703071671
653,13,16,11820,3274.7747440273033
654,13,27,11847,3270.890784982934
655,13,18,11865,3276.006825938566
656,13,21,11886,3278.1228668941967
657,13,18,11904,3283.238907849829
658,13,18,11922,3288.3549488054596
659,13,28,11950,3283.470989761092
660,13,23,11973,3283.5870307167224
661,13,22,11995,3284.703071672355
662,13,25,12020,3282.8191126279853
663,13,26,12046,3279.9351535836176
664,13,26,12072,3277.051194539248
665,13,18,12090,3282.1672354948805
666,13,24,12114,3281.283276450511
667,13,24,12138,3280.3993174061416
668,13,21,12159,3282.515358361774
669,13,22,12181,3283.6313993174044
670,13,23,12204,3283.747440273037
671,13,24,12228,3282.8634812286673
672,13,24,12252,3281.9795221842996
673,13,30,12282,3275.09556313993
674,13,22,12304,3276.2116040955625
675,13,20,12324,3279.327645051193
676,13,33,12357,3269.4436860068254
677,13,24,12381,3268.559726962456
678,13,23,12404,3268.6757679180882
679,13,20,12424,3271.7918088737188
680,13,32,12456,3262.907849829351
681,13,24,12480,3262.0238907849816
682,13,32,12512,3253.139931740614
683,13,21,12533,3255.2559726962445
684,13,24,12557,3254.372013651877
685,13,15,12572,3262.4880546075074
686,13,25,12597,3260.6040955631397
687,13,27,12624,3256.7201365187702
688,13,22,12646,3257.8361774744026
689,13,15,12661,3265.952218430033
690,13,24,12685,3265.0682593856654
691,13,16,12701,3272.184300341296
692,13,23,12724,3272.3003412969265
693,13,26,12750,3269.416382252559
694,13,23,12773,3269.5324232081894
695,13,32,12805,3260.6484641638217
696,13,27,12832,3256.764505119452
697,13,21,12853,3258.8805460750846
698,13,16,12869,3265.996587030715
699,13,24,12893,3265.1126279863474
700,13,19,12912,3269.228668941978
701,13,25,12937,3267.3447098976103
702,13,27,12964,3263.460750853241
703,13,19,12983,3267.576791808873
704,13,16,12999,3274.6928327645037
705,13,24,13023,3273.808873720136
706,13,25,13048,3271.9249146757666
707,13,19,13067,3276.040955631399
708,13,29,13096,3270.1569965870294
709,13,24,13120,3269.2730375426618
710,13,25,13145,3267.389078498294
711,13,28,13173,3262.505119453923
712,13,17,13190,3268.621160409555
713,13,18,13208,3273.7372013651875
714,13,20,13228,3276.85324232082
715,13,32,13260,3267.9692832764486
716,13,24,13284,3267.085324232081
717,13,20,13304,3270.2013651877132
718,13,20,13324,3273.317406143342
719,13,24,13348,3272.4334470989743
720,13,23,13371,3272.5494880546066
721,13,27,13398,3268.665529010239
722,13,31,13429,3260.7815699658677
723,13,22,13451,3261.8976109215
724,13,24,13475,3261.0136518771324
725,13,24,13499,3260.1296928327647
726,13,21,13520,3262.2457337883934
727,13,22,13542,3263.3617747440258
728,13,20,13562,3266.477815699658
729,13,21,13583,3268.5938566552904
730,13,20,13603,3271.709897610919
731,13,23,13626,3271.8259385665515
732,13,17,13643,3277.941979522184
733,13,23,13666,3278.058020477816
734,13,20,13686,3281.174061433445
735,13,17,13703,3287.290102389077
736,13,24,13727,3286.4061433447096
737,13,21,13748,3288.522184300342
738,13,26,13774,3285.6382252559706
739,13,26,13800,3282.754266211603
740,13,21,13821,3284.8703071672353
741,13,26,13847,3281.9863481228676
742,13,20,13867,3285.1023890784963
743,13,20,13887,3288.2184300341287
744,13,17,13904,3294.334470989761
745,13,22,13926,3295.4505119453897
746,13,30,13956,3288.566552901022
747,13,14,13970,3297.6825938566544
748,13,22,13992,3298.7986348122868
749,13,25,14017,3296.9146757679155
750,13,23,14040,3297.030716723548
751,13,24,14064,3296.14675767918
752,13,29,14093,3290.2627986348125
753,13,18,14111,3295.378839590441
754,13,24,14135,3294.4948805460735
755,13,24,14159,3293.610921501706
756,13,23,14182,3293.7269624573382
757,13,23,14205,3293.843003412967
758,13,17,14222,3299.9590443685993
759,13,23,14245,3300.0750853242316
760,13,27,14272,3296.191126279864
761,13,26,14298,3293.3071672354927
762,13,15,14313,3301.423208191125
763,13,23,14336,3301.5392491467574
764,13,19,14355,3305.6552901023897
765,13,25,14380,3303.7713310580184
766,13,22,14402,3304.8873720136507
767,13,35,14437,3293.003412969283
768,13,24,14461,3292.119453924912
769,13,20,14481,3295.235494880544
770,13,18,14499,3300.3515358361765
771,13,26,14525,3297.467576791809
772,13,31,14556,3289.5836177474375
773,13,21,14577,3291.69965870307
774,13,26,14603,3288.815699658702
775,13,30,14633,3281.9317406143346
776,13,26,14659,3279.0477815699633
777,13,27,14686,3275.1638225255956
778,13,21,14707,3277.279863481228
779,13,20,14727,3280.3959044368603
780,13,21,14748,3282.511945392489
781,13,23,14771,3282.6279863481213
782,13,15,14786,3290.7440273037537
783,13,23,14809,3290.860068259386
784,13,21,14830,3292.9761092150147
785,13,28,14858,3288.092150170647
786,13,28,14886,3283.2081911262794
787,13,24,14910,3282.3242320819118
788,13,21,14931,3284.4402730375405
789,13,21,14952,3286.556313993173
790,13,15,14967,3294.672354948805
791,13,24,14991,3293.7883959044375
792,13,29,15020,3287.904436860066
793,13,28,15048,3283.0204778156985
794,13,29,15077,3277.136518771331
795,13,23,15100,3277.2525597269596
796,13,29,15129,3271.368600682592
797,13,20,15149,3274.4846416382243
798,13,21,15170,3276.6006825938566
799,13,27,15197,3272.7167235494853
800,13,24,15221,3271.8327645051177
801,13,18,15239,3276.94880546075
802,13,23,15262,3277.0648464163824
803,13,31,15293,3269.180887372011
804,13,25,15318,3267.2969283276434
805,13,11,15329,3279.4129692832757
806,13,23,15352,3279.529010238908
807,13,26,15378,3276.645051194537
808,13,26,15404,3273.761092150169
809,13,20,15424,3276.8771331058015
810,13,27,15451,3272.993174061434
811,13,24,15475,3272.1092150170625
812,13,17,15492,3278.225255972695
813,13,18,15510,3283.341296928327
814,13,20,15530,3286.4573378839596
815,13,22,15552,3287.5733788395883
816,13,24,15576,3286.6894197952206
817,13,28,15604,3281.805460750853
818,13,30,15634,3274.9215017064853
819,13,26,15660,3272.037542662114
820,13,34,15694,3261.1535836177463
821,13,27,15721,3257.2696245733787
822,13,24,15745,3256.3856655290074
823,13,22,15767,3257.5017064846397
824,13,27,15794,3253.617747440272
825,13,26,15820,3250.7337883959044
826,13,26,15846,3247.849829351533
827,13,16,15862,3254.9658703071655
828,13,14,15876,3264.081911262798
829,13,16,15892,3271.19795221843
830,13,25,15917,3269.313993174059
831,13,22,15939,3270.430034129691
832,13,28,15967,3265.5460750853235
833,13,22,15989,3266.662116040956
834,13,23,16012,3266.7781569965846
835,13,21,16033,3268.894197952217
836,13,21,16054,3271.0102389078493
837,13,19,16073,3275.1262798634816
838,13,25,16098,3273.2423208191103
839,13,23,16121,3273.3583617747427
840,13,28,16149,3268.474402730375
841,13,25,16174,3266.5904436860073
842,13,25,16199,3264.706484641636
843,13,15,16214,3272.8225255972684
844,13,21,16235,3274.9385665529007
845,13,20,16255,3278.0546075085294
846,13,27,16282,3274.170648464162
847,13,15,16297,3282.286689419794
848,13,28,16325,3277.4027303754265
849,13,29,16354,3271.518771331055
850,13,28,16382,3266.6348122866875
851,13,24,16406,3265.75085324232
852,13,21,16427,3267.866894197952
853,13,19,16446,3271.982935153581
854,13,23,16469,3272.0989761092133
855,13,29,16498,3266.2150170648456
856,13,17,16515,3272.331058020478
857,13,21,16536,3274.4470989761066
858,13,26,16562,3271.563139931739
859,13,28,16590,3266.6791808873713
860,13,24,16614,3265.7952218430037
861,13,27,16641,3261.9112627986324
862,13,24,16665,3261.0273037542647
863,13,21,16686,3263.143344709897
864,13,24,16710,3262.2593856655294
865,13,21,16731,3264.375426621158
866,13,33,16764,3254.4914675767905
867,13,22,16786,3255.607508532423
868,13,23,16809,3255.723549488055
869,13,23,16832,3255.839590443684
870,13,23,16855,3255.955631399316
871,13,23,16878,3256.0716723549485
872,13,23,16901,3256.1877133105772
873,13,23,16924,3256.3037542662096
874,13,20,16944,3259.419795221842
875,13,18,16962,3264.5358361774743
876,13,28,16990,3259.651877133103
877,13,16,17006,3266.7679180887353
878,13,26,17032,3263.8839590443677
879,13,25,17057,3262.0
880,13,26,17083,3259.1160409556287
881,13,18,17101,3264.232081911261
882,13,24,17125,3263.3481228668934
883,13,30,17155,3256.4641638225257
884,13,26,17181,3253.5802047781544
885,13,20,17201,3256.696245733787
886,13,23,17224,3256.812286689419
887,13,27,17251,3252.9283276450515
888,13,20,17271,3256.04436860068
889,13,30,17301,3249.1604095563125
890,13,25,17326,3247.276450511945
891,13,27,17353,3243.392491467577
892,13,21,17374,3245.508532423206
893,13,29,17403,3239.6245733788382
894,13,12,17415,3250.7406143344706
895,13,19,17434,3254.856655290103
896,13,19,17453,3258.9726962457316
897,13,24,17477,3258.088737201364
898,13,18,17495,3263.2047781569963
899,13,25,17520,3261.320819112625
900,13,23,17543,3261.4368600682574
901,13,27,17570,3257.5529010238897
902,13,22,17592,3258.668941979522
903,13,27,17619,3254.7849829351508
904,13,18,17637,3259.901023890783
905,13,21,17658,3262.0170648464155
906,13,20,17678,3265.133105802048
907,13,29,17707,3259.2491467576765
908,13,30,17737,3252.365187713309
909,13,21,17758,3254.481228668941
910,13,18,17776,3259.5972696245735
911,13,28,17804,3254.7133105802022
912,13,27,17831,3250.8293515358346
913,13,24,17855,3249.945392491467
914,13,17,17872,3256.0614334470993
915,13,34,17906,3245.177474402728
916,13,25,17931,3243.2935153583603
917,13,25,17956,3241.4095563139927
918,13,27,17983,3237.525597269625
919,13,29,18012,3231.6416382252537
920,13,26,18038,3228.757679180886
921,13,27,18065,3224.8737201365184
922,13,25,18090,3222.989761092147
923,13,20,18110,3226.1058020477794
924,13,26,18136,3223.221843003412
925,13,30,18166,3216.337883959044
926,13,24,18190,3215.453924914673
927,13,22,18212,3216.569965870305
928,13,34,18246,3205.6860068259375
929,13,13,18259,3215.80204778157
930,13,25,18284,3213.9180887371986
931,13,20,18304,3217.034129692831
932,13,31,18335,3209.1501706484632
933,13,25,18360,3207.2662116040956
934,13,19,18379,3211.3822525597243
935,13,19,18398,3215.4982935153566
936,13,18,18416,3220.614334470989
937,13,23,18439,3220.7303754266213
938,13,24,18463,3219.84641638225
939,13,17,18480,3225.9624573378824
940,13,18,18498,3231.0784982935147
941,13,20,18518,3234.194539249147
942,13,18,18536,3239.3105802047758
943,13,23,18559,3239.426621160408
944,13,24,18583,3238.5426621160404
945,13,14,18597,3247.658703071673
946,13,27,18624,3243.7747440273015
947,13,25,18649,3241.890784982934
948,13,20,18669,3245.006825938566
949,13,19,18688,3249.122866894195
950,13,15,18703,3257.2389078498272
951,13,31,18734,3249.3549488054596
952,13,22,18756,3250.470989761092
953,13,25,18781,3248.5870307167206
954,13,18,18799,3253.703071672353
955,13,24,18823,3252.8191126279853
956,13,17,18840,3258.9351535836176
957,13,28,18868,3254.0511945392464
958,13,22,18890,3255.1672354948787
959,13,30,18920,3248.283276450511
960,13,26,18946,3245.3993174061434
961,13,40,18986,3228.515358361772
962,13,18,19004,3233.6313993174044
963,13,23,19027,3233.747440273037
964,13,23,19050,3233.863481228669
965,13,26,19076,3230.979522184298
966,13,17,19093,3237.09556313993
967,13,20,19113,3240.2116040955625
968,13,25,19138,3238.327645051195
969,13,22,19160,3239.4436860068236
970,13,19,19179,3243.559726962456
971,13,21,19200,3245.6757679180882
972,13,30,19230,3238.7918088737206
973,13,21,19251,3240.9078498293493
974,13,24,19275,3240.0238907849816
975,13,19,19294,3244.139931740614
976,13,21,19315,3246.2559726962427
977,13,21,19336,3248.372013651875
978,13,19,19355,3252.4880546075074
979,13,20,19375,3255.6040955631397
980,13,21,19396,3257.7201365187684
981,13,24,19420,3256.8361774744008
982,13,29,19449,3250.952218430033
983,13,25,19474,3249.0682593856654
984,13,27,19501,3245.184300341294
985,13,25,19526,3243.3003412969265
986,13,25,19551,3241.416382252559
987,13,26,19577,3238.532423208191
988,13,26,19603,3235.64846416382
989,13,13,19616,3245.764505119452
990,13,17,19633,3251.8805460750846
991,13,22,19655,3252.996587030717
992,13,19,19674,3257.1126279863456
993,13,19,19693,3261.228668941978
994,13,27,19720,3257.3447098976103
995,13,21,19741,3259.4607508532426
996,13,23,19764,3259.5767918088713
997,13,19,19783,3263.6928327645037
998,13,17,19800,3269.808873720136
999,13,17,19817,3275.9249146757647
1000,13,21,19838,3278.040955631397
