round,arm_pulled,reward,cum_reward,regret
1,6,13,13,7.907258064516128
2,5,18,31,10.814516129032256
3,1,9,40,22.721774193548384
4,5,21,61,22.629032258064512
5,20,24,85,19.53629032258064
6,20,23,108,17.44354838709677
7,20,21,129,17.350806451612897
8,20,19,148,19.258064516129025
9,22,4,152,36.16532258064515
10,20,24,176,33.07258064516128
11,20,29,205,24.97983870967741
12,20,21,226,24.887096774193537
13,18,16,242,29.794354838709637
14,20,17,259,33.701612903225794
15,20,21,280,33.60887096774195
16,20,19,299,35.51612903225805
17,20,23,322,33.42338709677415
18,20,18,340,36.330645161290306
19,20,21,361,36.23790322580646
20,20,18,379,39.14516129032256
21,20,18,397,42.05241935483866
22,20,18,415,44.95967741935482
23,20,21,436,44.866935483870975
24,20,19,455,46.774193548387075
25,20,23,478,44.681451612903174
26,20,16,494,49.588709677419274
27,20,17,511,53.49596774193549
28,20,18,529,56.40322580645159
29,20,22,551,55.31048387096769
30,20,17,568,59.2177419354839
31,20,22,590,58.125
32,20,26,616,53.0322580645161
33,20,17,633,56.9395161290322
34,20,12,645,65.8467741935483
35,20,19,664,67.75403225806451
36,20,20,684,68.66129032258061
37,20,16,700,73.56854838709671
38,20,14,714,80.47580645161293
39,20,24,738,77.38306451612902
40,20,23,761,75.29032258064512
41,20,21,782,75.19758064516122
42,20,23,805,73.10483870967732
43,20,20,825,74.01209677419354
44,20,24,849,70.91935483870964
45,20,21,870,70.82661290322574
46,20,29,899,62.73387096774195
47,20,26,925,57.64112903225805
48,20,17,942,61.54838709677415
49,20,17,959,65.45564516129025
50,20,17,976,69.36290322580635
51,20,20,996,70.27016129032245
52,20,22,1018,69.17741935483855
53,20,28,1046,62.084677419354875
54,20,18,1064,64.99193548387098
55,20,17,1081,68.89919354838707
56,20,17,1098,72.80645161290317
57,20,23,1121,70.71370967741927
58,20,15,1136,76.62096774193537
59,20,32,1168,65.52822580645147
60,20,20,1188,66.4354838709678
61,20,27,1215,60.3427419354839
62,2,16,1231,65.25
63,20,20,1251,66.1572580645161
64,20,16,1267,71.0645161290322
65,20,20,1287,71.9717741935483
66,20,20,1307,72.8790322580644
67,20,26,1333,67.7862903225805
68,20,18,1351,70.6935483870966
69,20,19,1370,72.60080645161293
70,20,19,1389,74.50806451612902
71,20,13,1402,82.41532258064512
72,20,21,1423,82.32258064516122
73,20,24,1447,79.22983870967732
74,20,22,1469,78.13709677419342
75,20,27,1496,72.04435483870952
76,20,25,1521,67.95161290322585
77,20,19,1540,69.85887096774195
78,20,22,1562,68.76612903225805
79,20,23,1585,66.67338709677415
80,20,22,1607,65.58064516129025
81,20,23,1630,63.48790322580635
82,20,18,1648,66.39516129032245
83,20,20,1668,67.30241935483855
84,20,21,1689,67.20967741935465
85,20,21,1710,67.11693548387098
86,20,23,1733,65.02419354838707
87,20,16,1749,69.93145161290317
88,20,18,1767,72.83870967741927
89,20,24,1791,69.74596774193537
90,20,14,1805,76.65322580645147
91,20,20,1825,77.56048387096757
92,20,20,1845,78.4677419354839
93,20,21,1866,78.375
94,20,24,1890,75.2822580645161
95,20,23,1913,73.1895161290322
96,20,19,1932,75.0967741935483
97,20,19,1951,77.0040322580644
98,20,20,1971,77.9112903225805
99,20,23,1994,75.8185483870966
100,20,21,2015,75.7258064516127
101,20,24,2039,72.6330645161288
102,20,21,2060,72.5403225806449
103,20,23,2083,70.447580645161
104,20,21,2104,70.3548387096771
105,20,26,2130,65.26209677419365
106,20,19,2149,67.16935483870975
107,20,21,2170,67.07661290322585
108,20,26,2196,61.98387096774195
109,20,15,2211,67.89112903225805
110,20,23,2234,65.79838709677415
111,20,24,2258,62.70564516129025
112,20,11,2269,72.61290322580635
113,20,22,2291,71.52016129032245
114,20,20,2311,72.42741935483855
115,20,18,2329,75.33467741935465
116,20,14,2343,82.24193548387075
117,20,20,2363,83.14919354838685
118,20,23,2386,81.05645161290295
119,20,14,2400,87.96370967741905
120,20,15,2415,93.8709677419356
121,20,19,2434,95.7782258064517
122,20,16,2450,100.6854838709678
123,13,19,2469,102.5927419354839
124,20,30,2499,93.5
125,20,19,2518,95.4072580645161
126,20,26,2544,90.3145161290322
127,20,24,2568,87.2217741935483
128,20,18,2586,90.1290322580644
129,20,14,2600,97.0362903225805
130,20,27,2627,90.9435483870966
131,20,22,2649,89.8508064516127
132,20,22,2671,88.7580645161288
133,20,23,2694,86.6653225806449
134,20,23,2717,84.572580645161
135,20,26,2743,79.4798387096771
136,20,27,2770,73.3870967741932
137,20,26,2796,68.29435483870975
138,20,20,2816,69.20161290322585
139,20,26,2842,64.10887096774195
140,20,18,2860,67.01612903225805
141,20,21,2881,66.92338709677415
142,20,20,2901,67.83064516129025
143,20,20,2921,68.73790322580635
144,20,18,2939,71.64516129032245
145,20,25,2964,67.55241935483855
146,20,27,2991,61.45967741935465
147,20,20,3011,62.36693548387075
148,20,18,3029,65.27419354838685
149,20,23,3052,63.18145161290295
150,20,18,3070,66.08870967741905
151,20,18,3088,68.99596774193515
152,20,22,3110,67.9032258064517
153,20,21,3131,67.8104838709678
154,20,26,3157,62.7177419354839
155,20,25,3182,58.625
156,20,26,3208,53.5322580645161
157,20,20,3228,54.4395161290322
158,20,16,3244,59.3467741935483
159,20,15,3259,65.2540322580644
160,20,25,3284,61.1612903225805
161,20,26,3310,56.0685483870966
162,20,22,3332,54.9758064516127
163,20,19,3351,56.8830645161288
164,20,21,3372,56.7903225806449
165,20,24,3396,53.697580645161
166,20,24,3420,50.6048387096771
167,20,16,3436,55.512096774193196
168,20,26,3462,50.419354838709296
169,20,20,3482,51.32661290322585
170,20,16,3498,56.23387096774195
171,20,21,3519,56.14112903225805
172,20,23,3542,54.04838709677415
173,20,15,3557,59.95564516129025
174,20,19,3576,61.86290322580635
175,20,29,3605,53.77016129032245
176,20,25,3630,49.67741935483855
177,20,18,3648,52.58467741935465
178,20,20,3668,53.49193548387075
179,20,24,3692,50.39919354838685
180,20,15,3707,56.30645161290295
181,20,28,3735,49.21370967741905
182,20,24,3759,46.12096774193515
183,20,21,3780,46.028225806451246
184,20,25,3805,41.9354838709678
185,20,26,3831,36.8427419354839
186,20,18,3849,39.75
187,20,23,3872,37.6572580645161
188,20,22,3894,36.5645161290322
189,20,18,3912,39.4717741935483
190,20,22,3934,38.3790322580644
191,20,20,3954,39.2862903225805
192,20,16,3970,44.1935483870966
193,20,29,3999,36.1008064516127
194,20,25,4024,32.0080645161288
195,20,23,4047,29.915322580644897
196,20,22,4069,28.822580645160997
197,20,24,4093,25.729838709677097
198,20,25,4118,21.637096774193196
199,20,15,4133,27.544354838709296
200,20,21,4154,27.451612903225396
201,20,23,4177,25.358870967741495
202,20,14,4191,32.266129032257595
203,20,31,4222,22.173387096773695
204,20,13,4235,30.080645161289794
205,20,19,4254,31.987903225805894
206,20,23,4277,29.895161290321994
207,20,24,4301,26.802419354838094
208,20,16,4317,31.709677419354193
209,20,23,4340,29.616935483871202
210,20,24,4364,26.524193548387302
211,20,21,4385,26.431451612903402
212,20,29,4414,18.3387096774195
213,20,23,4437,16.2459677419356
214,20,20,4457,17.1532258064517
215,20,19,4476,19.0604838709678
216,20,21,4497,18.9677419354839
217,20,20,4517,19.875
218,20,26,4543,14.7822580645161
219,20,30,4573,5.689516129032199
220,20,17,4590,9.596774193548299
221,20,27,4617,3.5040322580643988
222,20,17,4634,7.4112903225804985
223,20,14,4648,14.318548387096598
224,20,14,4662,21.225806451612698
225,20,26,4688,16.133064516128798
226,20,24,4712,13.040322580644897
227,20,20,4732,13.947580645160997
228,20,19,4751,15.854838709677097
229,20,15,4766,21.762096774193196
230,20,15,4781,27.669354838709296
231,20,29,4810,19.576612903225396
232,20,23,4833,17.483870967741495
233,20,21,4854,17.391129032257595
234,20,18,4872,20.298387096773695
235,20,19,4891,22.205645161289794
236,20,23,4914,20.112903225805894
237,20,17,4931,24.020161290321994
238,20,26,4957,18.927419354838094
239,20,17,4974,22.834677419354193
240,20,18,4992,25.741935483871202
241,20,26,5018,20.649193548387302
242,20,15,5033,26.556451612903402
243,20,20,5053,27.4637096774195
244,20,26,5079,22.3709677419356
245,20,23,5102,20.2782258064517
246,20,24,5126,17.1854838709678
247,20,16,5142,22.0927419354839
248,20,20,5162,23.0
249,20,15,5177,28.9072580645161
250,20,22,5199,27.8145161290322
251,20,20,5219,28.7217741935483
252,20,22,5241,27.6290322580644
253,20,15,5256,33.5362903225805
254,20,21,5277,33.4435483870966
255,20,20,5297,34.3508064516127
256,20,14,5311,41.2580645161288
257,20,14,5325,48.1653225806449
258,20,23,5348,46.072580645161
259,20,24,5372,42.9798387096771
260,20,23,5395,40.887096774193196
261,20,21,5416,40.794354838709296
262,20,19,5435,42.701612903225396
263,20,22,5457,41.608870967741495
264,20,20,5477,42.516129032257595
265,20,19,5496,44.423387096773695
266,20,29,5525,36.330645161289794
267,20,18,5543,39.237903225805894
268,20,18,5561,42.145161290321994
269,20,18,5579,45.052419354838094
270,20,24,5603,41.95967741935419
271,20,16,5619,46.86693548387029
272,20,17,5636,50.77419354838639
273,20,17,5653,54.6814516129034
274,20,19,5672,56.5887096774195
275,20,23,5695,54.4959677419356
276,20,20,5715,55.4032258064517
277,20,24,5739,52.3104838709678
278,20,25,5764,48.2177419354839
279,20,21,5785,48.125
280,20,20,5805,49.0322580645161
281,20,16,5821,53.9395161290322
282,20,26,5847,48.8467741935483
283,20,20,5867,49.7540322580644
284,20,18,5885,52.6612903225805
285,20,29,5914,44.5685483870966
286,20,22,5936,43.4758064516127
287,20,16,5952,48.3830645161288
288,20,24,5976,45.2903225806449
289,20,18,5994,48.197580645161
290,20,25,6019,44.1048387096771
291,20,17,6036,48.012096774193196
292,20,22,6058,46.919354838709296
293,20,16,6074,51.826612903225396
294,20,19,6093,53.733870967741495
295,20,25,6118,49.641129032257595
296,20,24,6142,46.548387096773695
297,20,17,6159,50.455645161289794
298,20,25,6184,46.362903225805894
299,20,17,6201,50.270161290321994
300,20,26,6227,45.177419354838094
301,20,11,6238,55.08467741935419
302,20,23,6261,52.99193548387029
303,20,21,6282,52.89919354838639
304,20,16,6298,57.8064516129034
305,20,29,6327,49.7137096774195
306,20,22,6349,48.6209677419356
307,20,25,6374,44.5282258064517
308,20,19,6393,46.4354838709678
309,20,19,6412,48.3427419354839
310,20,20,6432,49.25
311,20,18,6450,52.1572580645161
312,20,13,6463,60.0645161290322
313,20,18,6481,62.9717741935483
314,20,18,6499,65.8790322580644
315,20,19,6518,67.7862903225805
316,20,25,6543,63.6935483870966
317,20,18,6561,66.6008064516127
318,20,19,6580,68.5080645161288
319,20,23,6603,66.4153225806449
320,20,17,6620,70.322580645161
321,20,23,6643,68.2298387096771
322,20,17,6660,72.1370967741932
323,20,21,6681,72.0443548387093
324,20,27,6708,65.9516129032254
325,20,22,6730,64.8588709677415
326,20,22,6752,63.766129032257595
327,20,19,6771,65.6733870967737
328,20,26,6797,60.580645161289794
329,20,22,6819,59.487903225805894
330,20,20,6839,60.395161290321994
331,20,24,6863,57.302419354838094
332,20,22,6885,56.20967741935419
333,20,30,6915,47.11693548387029
334,20,17,6932,51.02419354838639
335,20,19,6951,52.93145161290249
336,20,22,6973,51.83870967741859
337,20,23,6996,49.7459677419356
338,20,31,7027,39.6532258064517
339,20,22,7049,38.5604838709678
340,20,15,7064,44.4677419354839
341,20,24,7088,41.375
342,20,20,7108,42.2822580645161
343,20,24,7132,39.1895161290322
344,20,23,7155,37.0967741935483
345,20,14,7169,44.0040322580644
346,20,18,7187,46.9112903225805
347,20,10,7197,57.8185483870966
348,20,22,7219,56.7258064516127
349,20,25,7244,52.6330645161288
350,20,17,7261,56.5403225806449
351,20,17,7278,60.447580645161
352,20,30,7308,51.3548387096771
353,20,22,7330,50.262096774193196
354,20,25,7355,46.169354838709296
355,20,22,7377,45.076612903225396
356,20,23,7400,42.983870967741495
357,20,20,7420,43.891129032257595
358,20,22,7442,42.798387096773695
359,20,26,7468,37.705645161289794
360,20,20,7488,38.612903225805894
361,20,27,7515,32.520161290321994
362,20,19,7534,34.427419354838094
363,20,15,7549,40.33467741935419
364,20,20,7569,41.24193548387029
365,20,20,7589,42.14919354838639
366,20,17,7606,46.05645161290249
367,20,17,7623,49.96370967741859
368,20,25,7648,45.8709677419356
369,20,23,7671,43.7782258064517
370,20,20,7691,44.6854838709678
371,20,22,7713,43.5927419354839
372,20,19,7732,45.5
373,20,17,7749,49.4072580645161
374,20,29,7778,41.3145161290322
375,20,22,7800,40.2217741935483
376,20,22,7822,39.1290322580644
377,20,26,7848,34.0362903225805
378,20,19,7867,35.9435483870966
379,20,24,7891,32.8508064516127
380,20,17,7908,36.7580645161288
381,20,22,7930,35.6653225806449
382,20,16,7946,40.572580645161
383,20,22,7968,39.4798387096771
384,20,20,7988,40.387096774193196
385,20,19,8007,42.294354838709296
386,20,21,8028,42.201612903225396
387,20,18,8046,45.108870967741495
388,20,18,8064,48.016129032257595
389,20,19,8083,49.923387096773695
390,20,17,8100,53.830645161289794
391,20,15,8115,59.737903225805894
392,20,22,8137,58.645161290321994
393,20,22,8159,57.552419354839
394,20,24,8183,54.45967741935419
395,20,19,8202,56.3669354838712
396,20,23,8225,54.27419354838639
397,20,18,8243,57.1814516129034
398,20,19,8262,59.08870967741859
399,20,20,8282,59.9959677419356
400,20,21,8303,59.90322580645079
401,20,23,8326,57.8104838709678
402,20,27,8353,51.71774193548299
403,20,14,8367,58.625
404,20,19,8386,60.53225806451519
405,20,20,8406,61.4395161290322
406,20,20,8426,62.34677419354739
407,20,16,8442,67.2540322580644
408,20,10,8452,78.16129032257959
409,20,19,8471,80.0685483870966
410,20,21,8492,79.97580645161179
411,20,21,8513,79.8830645161288
412,20,20,8533,80.79032258064399
413,20,26,8559,75.697580645161
414,20,23,8582,73.60483870967619
415,20,16,8598,78.5120967741932
416,20,22,8620,77.41935483870839
417,20,21,8641,77.3266129032254
418,20,25,8666,73.2338709677424
419,20,19,8685,75.1411290322576
420,20,20,8705,76.0483870967746
421,20,24,8729,72.9556451612898
422,20,15,8744,78.8629032258068
423,20,13,8757,86.770161290322
424,20,18,8775,89.677419354839
425,20,21,8796,89.5846774193542
426,20,19,8815,91.4919354838712
427,20,26,8841,86.39919354838639
428,20,13,8854,94.3064516129034
429,20,24,8878,91.21370967741859
430,20,16,8894,96.1209677419356
431,20,13,8907,104.02822580645079
432,20,21,8928,103.9354838709678
433,20,19,8947,105.84274193548299
434,20,19,8966,107.75
435,20,27,8993,101.65725806451519
436,20,25,9018,97.5645161290322
437,20,15,9033,103.47177419354739
438,20,27,9060,97.3790322580644
439,20,25,9085,93.28629032257959
440,20,19,9104,95.1935483870966
441,20,24,9128,92.10080645161179
442,20,21,9149,92.0080645161288
443,20,20,9169,92.91532258064399
444,20,17,9186,96.822580645161
445,20,16,9202,101.72983870967619
446,20,19,9221,103.6370967741932
447,20,17,9238,107.54435483870839
448,20,20,9258,108.4516129032254
449,20,16,9274,113.3588709677424
450,20,20,9294,114.2661290322576
451,20,20,9314,115.1733870967746
452,20,19,9333,117.0806451612898
453,20,20,9353,117.9879032258068
454,20,22,9375,116.895161290322
455,20,20,9395,117.802419354839
456,20,28,9423,110.7096774193542
457,20,22,9445,109.6169354838712
458,20,17,9462,113.52419354838639
459,20,22,9484,112.4314516129034
460,20,27,9511,106.33870967741859
461,20,28,9539,99.2459677419356
462,20,29,9568,91.15322580645079
463,20,20,9588,92.0604838709678
464,20,23,9611,89.96774193548299
465,20,19,9630,91.875
466,20,18,9648,94.78225806451519
467,20,20,9668,95.6895161290322
468,20,19,9687,97.59677419354739
469,20,14,9701,104.5040322580644
470,20,16,9717,109.41129032257959
471,20,19,9736,111.3185483870966
472,20,14,9750,118.22580645161179
473,20,23,9773,116.1330645161288
474,20,21,9794,116.04032258064399
475,20,19,9813,117.947580645161
476,20,27,9840,111.85483870967619
477,20,15,9855,117.7620967741932
478,20,21,9876,117.66935483870839
479,20,16,9892,122.5766129032254
480,20,20,9912,123.4838709677424
481,20,22,9934,122.3911290322576
482,20,21,9955,122.2983870967746
483,20,24,9979,119.2056451612898
484,20,17,9996,123.1129032258068
485,20,17,10013,127.020161290322
486,20,25,10038,122.927419354839
487,20,15,10053,128.8346774193542
488,20,25,10078,124.7419354838712
489,20,25,10103,120.64919354838639
490,20,18,10121,123.5564516129034
491,20,20,10141,124.46370967741859
492,20,25,10166,120.3709677419356
493,20,31,10197,110.27822580645079
494,20,24,10221,107.1854838709678
495,20,13,10234,115.09274193548299
496,20,20,10254,116.0
497,20,17,10271,119.90725806451519
498,20,22,10293,118.8145161290322
499,20,22,10315,117.72177419354739
500,20,21,10336,117.6290322580644
501,20,22,10358,116.53629032257959
502,20,25,10383,112.4435483870966
503,20,25,10408,108.35080645161179
504,20,19,10427,110.2580645161288
505,20,22,10449,109.16532258064399
506,20,20,10469,110.072580645161
507,20,23,10492,107.97983870967619
508,20,20,10512,108.8870967741932
509,20,22,10534,107.79435483870839
510,20,17,10551,111.7016129032254
511,20,22,10573,110.60887096774059
512,20,18,10591,113.5161290322576
513,20,27,10618,107.4233870967746
514,20,19,10637,109.3306451612898
515,20,21,10658,109.2379032258068
516,20,25,10683,105.145161290322
517,20,18,10701,108.052419354839
518,20,25,10726,103.9596774193542
519,20,24,10750,100.8669354838712
520,20,28,10778,93.77419354838639
521,20,17,10795,97.6814516129034
522,20,16,10811,102.58870967741859
523,20,25,10836,98.4959677419356
524,20,24,10860,95.40322580645079
525,20,15,10875,101.3104838709678
526,20,21,10896,101.21774193548299
527,20,17,10913,105.125
528,20,21,10934,105.03225806451519
529,20,20,10954,105.9395161290322
530,20,29,10983,97.84677419354739
531,20,14,10997,104.7540322580644
532,20,20,11017,105.66129032257959
533,20,22,11039,104.5685483870966
534,20,23,11062,102.47580645161179
535,20,24,11086,99.3830645161288
536,20,24,11110,96.29032258064399
537,20,21,11131,96.197580645161
538,20,20,11151,97.10483870967619
539,20,24,11175,94.0120967741932
540,20,19,11194,95.91935483870839
541,20,13,11207,103.8266129032254
542,20,20,11227,104.73387096774059
543,20,25,11252,100.6411290322576
544,20,22,11274,99.54838709677279
545,20,20,11294,100.4556451612898
546,20,13,11307,108.3629032258068
547,20,20,11327,109.270161290322
548,20,25,11352,105.177419354839
549,20,19,11371,107.0846774193542
550,20,23,11394,104.9919354838712
551,20,23,11417,102.89919354838639
552,20,19,11436,104.8064516129034
553,20,20,11456,105.71370967741859
554,20,14,11470,112.6209677419356
555,20,17,11487,116.52822580645079
556,20,20,11507,117.4354838709678
557,20,23,11530,115.34274193548299
558,20,18,11548,118.25
559,20,23,11571,116.15725806451519
560,20,14,11585,123.0645161290322
561,20,28,11613,115.97177419354739
562,20,23,11636,113.8790322580644
563,20,11,11647,123.78629032257959
564,20,19,11666,125.6935483870966
565,20,24,11690,122.60080645161179
566,20,19,11709,124.5080645161288
567,20,19,11728,126.41532258064399
568,20,16,11744,131.322580645161
569,20,22,11766,130.2298387096762
570,20,21,11787,130.1370967741932
571,20,25,11812,126.04435483870839
572,20,23,11835,123.9516129032254
573,20,19,11854,125.85887096774059
574,20,28,11882,118.7661290322576
575,20,25,11907,114.67338709677279
576,20,25,11932,110.5806451612898
577,20,16,11948,115.4879032258068
578,20,27,11975,109.395161290322
579,20,25,12000,105.302419354839
580,20,22,12022,104.2096774193542
581,20,33,12055,92.1169354838712
582,20,20,12075,93.02419354838639
583,20,30,12105,83.9314516129034
584,20,20,12125,84.83870967741859
585,20,22,12147,83.7459677419356
586,20,22,12169,82.65322580645079
587,20,23,12192,80.5604838709678
588,20,22,12214,79.46774193548299
589,20,24,12238,76.375
590,20,16,12254,81.28225806451519
591,20,24,12278,78.1895161290322
592,20,23,12301,76.09677419354739
593,20,23,12324,74.0040322580644
594,20,29,12353,65.91129032257959
595,20,18,12371,68.8185483870966
596,20,26,12397,63.72580645161179
597,20,21,12418,63.6330645161288
598,20,21,12439,63.54032258064399
599,20,24,12463,60.447580645161
600,20,22,12485,59.35483870967619
601,20,17,12502,63.262096774193196
602,20,21,12523,63.16935483870839
603,20,25,12548,59.076612903225396
604,20,24,12572,55.983870967740586
605,20,23,12595,53.891129032257595
606,20,17,12612,57.798387096772785
607,20,23,12635,55.705645161289794
608,20,22,12657,54.612903225806804
609,20,22,12679,53.520161290321994
610,20,21,12700,53.427419354839
611,20,23,12723,51.33467741935419
612,20,14,12737,58.2419354838712
613,20,18,12755,61.14919354838639
614,20,24,12779,58.0564516129034
615,20,22,12801,56.96370967741859
616,20,17,12818,60.8709677419356
617,20,27,12845,54.77822580645079
618,20,25,12870,50.6854838709678
619,20,20,12890,51.59274193548299
620,20,27,12917,45.5
621,20,21,12938,45.40725806451519
622,20,21,12959,45.3145161290322
623,20,24,12983,42.22177419354739
624,20,22,13005,41.1290322580644
625,20,19,13024,43.03629032257959
626,20,20,13044,43.9435483870966
627,20,33,13077,31.85080645161179
628,20,11,13088,41.7580645161288
629,20,16,13104,46.66532258064399
630,20,18,13122,49.572580645161
631,20,19,13141,51.47983870967619
632,20,17,13158,55.387096774193196
633,20,26,13184,50.29435483870839
634,20,16,13200,55.201612903225396
635,20,17,13217,59.108870967740586
636,20,20,13237,60.016129032257595
637,20,26,13263,54.923387096772785
638,20,22,13285,53.830645161289794
639,20,13,13298,61.737903225804985
640,20,25,13323,57.645161290321994
641,20,21,13344,57.552419354839
642,20,15,13359,63.45967741935419
643,20,19,13378,65.3669354838712
644,20,14,13392,72.27419354838639
645,20,11,13403,82.1814516129034
646,20,24,13427,79.08870967741859
647,20,16,13443,83.9959677419356
648,20,29,13472,75.90322580645079
649,20,22,13494,74.8104838709678
650,20,16,13510,79.71774193548299
651,20,19,13529,81.625
652,20,17,13546,85.53225806451519
653,20,30,13576,76.4395161290322
654,20,24,13600,73.34677419354739
655,20,25,13625,69.2540322580644
656,20,24,13649,66.16129032257959
657,20,24,13673,63.0685483870966
658,20,19,13692,64.97580645161179
659,20,16,13708,69.8830645161288
660,20,18,13726,72.79032258064399
661,20,20,13746,73.697580645161
662,20,21,13767,73.60483870967619
663,20,20,13787,74.5120967741932
664,20,21,13808,74.41935483870839
665,20,19,13827,76.3266129032254
666,20,15,13842,82.23387096774059
667,20,27,13869,76.1411290322576
668,20,26,13895,71.04838709677279
669,20,19,13914,72.9556451612898
670,20,22,13936,71.86290322580498
671,20,23,13959,69.770161290322
672,20,23,13982,67.67741935483718
673,20,17,13999,71.5846774193542
674,20,21,14020,71.4919354838712
675,20,15,14035,77.39919354838639
676,20,22,14057,76.3064516129034
677,20,19,14076,78.21370967741859
678,20,15,14091,84.1209677419356
679,20,23,14114,82.02822580645079
680,20,23,14137,79.9354838709678
681,20,16,14153,84.84274193548299
682,20,25,14178,80.75
683,20,23,14201,78.65725806451519
684,20,18,14219,81.5645161290322
685,20,17,14236,85.47177419354739
686,20,20,14256,86.3790322580644
687,20,22,14278,85.28629032257959
688,20,27,14305,79.1935483870966
689,20,16,14321,84.10080645161179
690,20,22,14343,83.0080645161288
691,20,25,14368,78.91532258064399
692,20,24,14392,75.822580645161
693,20,19,14411,77.72983870967619
694,20,21,14432,77.6370967741932
695,20,15,14447,83.54435483870839
696,20,18,14465,86.4516129032254
697,20,27,14492,80.35887096774059
698,20,24,14516,77.2661290322576
699,20,27,14543,71.17338709677279
700,20,15,14558,77.0806451612898
701,20,15,14573,82.98790322580498
702,20,18,14591,85.895161290322
703,20,19,14610,87.80241935483718
704,20,17,14627,91.7096774193542
705,20,18,14645,94.6169354838712
706,20,19,14664,96.52419354838639
707,20,21,14685,96.4314516129034
708,20,22,14707,95.33870967741859
709,20,23,14730,93.2459677419356
710,20,19,14749,95.15322580645079
711,20,21,14770,95.0604838709678
712,20,16,14786,99.96774193548299
713,20,10,14796,110.875
714,20,24,14820,107.78225806451519
715,20,13,14833,115.6895161290322
716,20,19,14852,117.59677419354739
717,20,24,14876,114.5040322580644
718,20,14,14890,121.41129032257959
719,20,20,14910,122.3185483870966
720,20,26,14936,117.22580645161179
721,20,24,14960,114.1330645161288
722,20,28,14988,107.04032258064399
723,20,22,15010,105.947580645161
724,20,27,15037,99.85483870967619
725,20,16,15053,104.7620967741932
726,20,16,15069,109.66935483870839
727,20,12,15081,118.5766129032254
728,20,27,15108,112.48387096774059
729,20,19,15127,114.3911290322576
730,20,20,15147,115.29838709677279
731,20,22,15169,114.2056451612898
732,20,22,15191,113.11290322580498
733,20,25,15216,109.020161290322
734,20,20,15236,109.92741935483718
735,20,23,15259,107.8346774193542
736,20,16,15275,112.7419354838712
737,20,22,15297,111.64919354838639
738,20,15,15312,117.5564516129034
739,20,20,15332,118.46370967741859
740,20,32,15364,107.3709677419356
741,20,21,15385,107.27822580645079
742,20,23,15408,105.1854838709678
743,20,16,15424,110.09274193548299
744,20,21,15445,110.0
745,20,24,15469,106.90725806451519
746,20,16,15485,111.8145161290322
747,20,23,15508,109.72177419354739
748,20,22,15530,108.6290322580644
749,20,22,15552,107.53629032257959
750,20,24,15576,104.4435483870966
751,20,26,15602,99.35080645161179
752,20,18,15620,102.2580645161288
753,20,19,15639,104.16532258064399
754,20,18,15657,107.072580645161
755,20,27,15684,100.97983870967619
756,20,21,15705,100.8870967741932
757,20,17,15722,104.79435483870839
758,20,20,15742,105.7016129032254
759,20,22,15764,104.60887096774059
760,20,19,15783,106.5161290322576
761,20,13,15796,114.42338709677279
762,20,23,15819,112.3306451612898
763,20,26,15845,107.23790322580498
764,20,26,15871,102.145161290322
765,20,15,15886,108.05241935483718
766,20,21,15907,107.9596774193542
767,20,22,15929,106.86693548386938
768,20,23,15952,104.77419354838639
769,20,21,15973,104.6814516129034
770,20,22,15995,103.58870967741859
771,20,21,16016,103.4959677419356
772,20,24,16040,100.40322580645079
773,20,17,16057,104.3104838709678
774,20,23,16080,102.21774193548299
775,20,14,16094,109.125
776,20,28,16122,102.03225806451519
777,20,17,16139,105.9395161290322
778,20,18,16157,108.84677419354739
779,20,27,16184,102.7540322580644
780,20,22,16206,101.66129032257959
781,20,17,16223,105.5685483870966
782,20,14,16237,112.47580645161179
783,20,16,16253,117.3830645161288
784,20,19,16272,119.29032258064399
785,20,23,16295,117.19758064515918
786,20,18,16313,120.104838709678
787,20,21,16334,120.0120967741932
788,20,22,16356,118.91935483870839
789,20,23,16379,116.82661290322358
790,20,18,16397,119.7338709677424
791,20,20,16417,120.6411290322576
792,20,20,16437,121.54838709677279
793,20,16,16453,126.45564516128798
794,20,23,16476,124.3629032258068
795,20,27,16503,118.270161290322
796,20,19,16522,120.17741935483718
797,20,19,16541,122.08467741935237
798,20,19,16560,123.9919354838712
799,20,16,16576,128.8991935483864
800,20,17,16593,132.80645161290158
801,20,20,16613,133.7137096774204
802,20,22,16635,132.6209677419356
803,20,27,16662,126.52822580645079
804,20,27,16689,120.43548387096598
805,20,19,16708,122.34274193548481
806,20,26,16734,117.25
807,20,19,16753,119.15725806451519
808,20,17,16770,123.06451612903038
809,20,24,16794,119.97177419354921
810,20,19,16813,121.8790322580644
811,20,23,16836,119.78629032257959
812,20,19,16855,121.69354838709478
813,20,15,16870,127.60080645161361
814,20,26,16896,122.5080645161288
815,20,22,16918,121.41532258064399
816,20,23,16941,119.32258064515918
817,20,21,16962,119.229838709678
818,20,15,16977,125.1370967741932
819,20,19,16996,127.04435483870839
820,20,15,17011,132.95161290322358
821,20,22,17033,131.8588709677424
822,20,28,17061,124.7661290322576
823,20,25,17086,120.67338709677279
824,20,23,17109,118.58064516128798
825,20,25,17134,114.4879032258068
826,20,18,17152,117.395161290322
827,20,18,17170,120.30241935483718
828,20,12,17182,129.20967741935237
829,20,23,17205,127.1169354838712
830,20,26,17231,122.02419354838639
831,20,28,17259,114.93145161290158
832,20,18,17277,117.83870967741677
833,20,16,17293,122.7459677419356
834,20,17,17310,126.65322580645079
835,20,15,17325,132.56048387096598
836,20,21,17346,132.4677419354848
837,20,13,17359,140.375
838,20,25,17384,136.2822580645152
839,20,30,17414,127.18951612903038
840,20,23,17437,125.09677419354921
841,20,20,17457,126.0040322580644
842,20,23,17480,123.91129032257959
843,20,24,17504,120.81854838709478
844,20,20,17524,121.72580645161361
845,20,26,17550,116.6330645161288
846,20,28,17578,109.54032258064399
847,20,17,17595,113.44758064515918
848,20,19,17614,115.354838709678
849,20,20,17634,116.2620967741932
850,20,19,17653,118.16935483870839
851,20,25,17678,114.07661290322358
852,20,23,17701,111.9838709677424
853,20,22,17723,110.8911290322576
854,20,21,17744,110.79838709677279
855,20,23,17767,108.70564516128798
856,20,19,17786,110.6129032258068
857,20,25,17811,106.520161290322
858,20,28,17839,99.42741935483718
859,20,22,17861,98.33467741935237
860,20,20,17881,99.2419354838712
861,20,22,17903,98.14919354838639
862,20,23,17926,96.05645161290158
863,20,26,17952,90.96370967741677
864,20,27,17979,84.8709677419356
865,20,22,18001,83.77822580645079
866,20,29,18030,75.68548387096598
867,20,20,18050,76.59274193548481
868,20,24,18074,73.5
869,20,28,18102,66.40725806451519
870,20,25,18127,62.31451612903038
871,20,24,18151,59.22177419354921
872,20,29,18180,51.1290322580644
873,20,24,18204,48.03629032257959
874,20,26,18230,42.94354838709478
875,20,22,18252,41.85080645161361
876,20,20,18272,42.7580645161288
877,20,13,18285,50.66532258064399
878,20,21,18306,50.57258064515918
879,20,14,18320,57.479838709678006
880,20,23,18343,55.387096774193196
881,20,19,18362,57.29435483870839
882,20,21,18383,57.20161290322358
883,20,24,18407,54.108870967742405
884,20,16,18423,59.016129032257595
885,20,17,18440,62.923387096772785
886,20,24,18464,59.830645161287975
887,20,21,18485,59.737903225806804
888,20,22,18507,58.645161290321994
889,20,15,18522,64.55241935483718
890,20,24,18546,61.459677419352374
891,20,24,18570,58.3669354838712
892,20,29,18599,50.27419354838639
893,20,22,18621,49.18145161290158
894,20,23,18644,47.08870967741677
895,20,15,18659,52.9959677419356
896,20,24,18683,49.90322580645079
897,20,26,18709,44.81048387096598
898,20,23,18732,42.71774193548481
899,20,21,18753,42.625
900,20,26,18779,37.53225806451519
901,20,21,18800,37.43951612903038
902,20,20,18820,38.34677419354921
903,20,27,18847,32.2540322580644
904,20,20,18867,33.16129032257959
905,20,23,18890,31.06854838709478
906,20,17,18907,34.97580645161361
907,20,18,18925,37.8830645161288
908,20,28,18953,30.790322580643988
909,20,16,18969,35.69758064515918
910,20,22,18991,34.604838709678006
911,20,19,19010,36.512096774193196
912,20,26,19036,31.419354838708387
913,20,21,19057,31.326612903223577
914,20,25,19082,27.233870967742405
915,20,18,19100,30.141129032257595
916,20,25,19125,26.048387096772785
917,20,22,19147,24.955645161287975
918,20,23,19170,22.862903225806804
919,20,28,19198,15.770161290321994
920,20,13,19211,23.677419354837184
921,20,19,19230,25.584677419352374
922,20,19,19249,27.491935483871202
923,20,15,19264,33.39919354838639
924,20,17,19281,37.30645161290158
925,20,23,19304,35.21370967741677
926,20,17,19321,39.1209677419356
927,20,20,19341,40.02822580645079
928,20,14,19355,46.93548387096598
929,20,23,19378,44.84274193548481
930,20,27,19405,38.75
931,20,21,19426,38.65725806451519
932,20,19,19445,40.56451612903038
933,20,21,19466,40.47177419354921
934,20,25,19491,36.3790322580644
935,20,22,19513,35.28629032257959
936,20,22,19535,34.19354838709478
937,20,13,19548,42.10080645161361
938,20,21,19569,42.0080645161288
939,20,17,19586,45.91532258064399
940,20,20,19606,46.82258064515918
941,20,11,19617,56.729838709678006
942,20,21,19638,56.637096774193196
943,20,17,19655,60.54435483870839
944,20,29,19684,52.45161290322358
945,20,23,19707,50.358870967742405
946,20,19,19726,52.266129032257595
947,20,22,19748,51.173387096772785
948,20,24,19772,48.080645161287975
949,20,25,19797,43.987903225806804
950,20,23,19820,41.895161290321994
951,20,21,19841,41.802419354837184
952,20,26,19867,36.709677419352374
953,20,27,19894,30.616935483871202
954,20,18,19912,33.52419354838639
955,20,14,19926,40.43145161290158
956,20,19,19945,42.33870967741677
957,20,22,19967,41.2459677419356
958,20,20,19987,42.15322580645079
959,20,20,20007,43.06048387096598
960,20,17,20024,46.96774193548481
961,20,27,20051,40.875
962,20,24,20075,37.78225806451519
963,20,25,20100,33.68951612903038
964,20,24,20124,30.59677419354921
965,20,21,20145,30.5040322580644
966,20,27,20172,24.41129032257959
967,20,18,20190,27.31854838709478
968,20,16,20206,32.22580645161361
969,20,27,20233,26.133064516128798
970,20,28,20261,19.040322580643988
971,20,15,20276,24.947580645159178
972,20,22,20298,23.854838709678006
973,20,18,20316,26.762096774193196
974,20,23,20339,24.669354838708387
975,20,11,20350,34.57661290322358
976,20,22,20372,33.483870967742405
977,20,14,20386,40.391129032257595
978,20,19,20405,42.298387096772785
979,20,32,20437,31.205645161287975
980,20,25,20462,27.112903225806804
981,20,16,20478,32.020161290321994
982,20,16,20494,36.927419354837184
983,20,19,20513,38.834677419352374
984,20,24,20537,35.7419354838712
985,20,18,20555,38.64919354838639
986,20,15,20570,44.55645161290158
987,20,25,20595,40.46370967741677
988,20,11,20606,50.3709677419356
989,20,18,20624,53.27822580645079
990,20,20,20644,54.18548387096598
991,20,19,20663,56.09274193548117
992,20,19,20682,58.0
993,20,20,20702,58.90725806451519
994,20,16,20718,63.81451612903038
995,20,21,20739,63.72177419354921
996,20,22,20761,62.6290322580644
997,20,18,20779,65.53629032257959
998,20,30,20809,56.44354838709478
999,20,29,20838,48.35080645161361
1000,20,18,20856,51.2580645161288
